#format table ## [Custom WaveView] saved 16:32:53 Tue Mar 12 2024
XVAL ,i(v1):0:v2=0 ,i(v1):0:v2=300m ,i(v1):0:v2=600m ,i(v1):0:v2=900m ,i(v1):0:v2=1.2 ,i(v1):0:v2=1.5 ,i(v1):0:v2=1.8 
 0.000E+00 , 0.000E+00 , 2.092E-10 , 2.730E-07 , 1.106E-05 , 4.059E-05 , 8.166E-05 , 1.296E-04 
 5.000E-02 ,-5.367E-13 , 2.041E-10 , 2.685E-07 , 1.098E-05 , 4.040E-05 , 8.136E-05 , 1.292E-04 
 1.000E-01 ,-3.704E-12 , 1.988E-10 , 2.640E-07 , 1.091E-05 , 4.021E-05 , 8.104E-05 , 1.288E-04 
 1.500E-01 ,-2.492E-11 , 1.932E-10 , 2.594E-07 , 1.083E-05 , 4.001E-05 , 8.071E-05 , 1.283E-04 
 2.000E-01 ,-1.678E-10 , 1.860E-10 , 2.548E-07 , 1.075E-05 , 3.981E-05 , 8.038E-05 , 1.279E-04 
 2.500E-01 ,-1.107E-09 , 1.663E-10 , 2.502E-07 , 1.067E-05 , 3.960E-05 , 8.003E-05 , 1.274E-04 
 3.000E-01 ,-6.934E-09 , 0.000E+00 , 2.455E-07 , 1.058E-05 , 3.938E-05 , 7.967E-05 , 1.269E-04 
 3.500E-01 ,-3.978E-08 ,-1.023E-09 , 2.406E-07 , 1.049E-05 , 3.915E-05 , 7.930E-05 , 1.264E-04 
 4.000E-01 ,-2.045E-07 ,-6.696E-09 , 2.356E-07 , 1.040E-05 , 3.891E-05 , 7.891E-05 , 1.258E-04 
 4.500E-01 ,-8.753E-07 ,-3.736E-08 , 2.297E-07 , 1.030E-05 , 3.866E-05 , 7.850E-05 , 1.253E-04 
 5.000E-01 ,-2.761E-06 ,-1.849E-07 , 2.208E-07 , 1.020E-05 , 3.839E-05 , 7.807E-05 , 1.247E-04 
 5.500E-01 ,-6.429E-06 ,-7.591E-07 , 1.855E-07 , 1.007E-05 , 3.809E-05 , 7.761E-05 , 1.241E-04 
 6.000E-01 ,-1.199E-05 ,-2.319E-06 , 0.000E+00 , 9.906E-06 , 3.776E-05 , 7.712E-05 , 1.235E-04 
 6.500E-01 ,-1.929E-05 ,-5.301E-06 ,-5.967E-07 , 9.618E-06 , 3.737E-05 , 7.658E-05 , 1.228E-04 
 7.000E-01 ,-2.802E-05 ,-9.809E-06 ,-2.052E-06 , 9.012E-06 , 3.685E-05 , 7.598E-05 , 1.221E-04 
 7.500E-01 ,-3.759E-05 ,-1.577E-05 ,-4.693E-06 , 7.849E-06 , 3.608E-05 , 7.527E-05 , 1.213E-04 
 8.000E-01 ,-4.671E-05 ,-2.308E-05 ,-8.604E-06 , 5.991E-06 , 3.488E-05 , 7.436E-05 , 1.204E-04 
 8.500E-01 ,-5.375E-05 ,-3.163E-05 ,-1.374E-05 , 3.383E-06 , 3.309E-05 , 7.313E-05 , 1.194E-04 
 9.000E-01 ,-5.986E-05 ,-4.123E-05 ,-2.002E-05 , 0.000E+00 , 3.063E-05 , 7.146E-05 , 1.181E-04 
 9.500E-01 ,-6.700E-05 ,-5.169E-05 ,-2.738E-05 ,-4.365E-06 , 2.745E-05 , 6.924E-05 , 1.165E-04 
 1.000E+00 ,-7.783E-05 ,-6.263E-05 ,-3.574E-05 ,-9.844E-06 , 2.352E-05 , 6.641E-05 , 1.144E-04 
 1.050E+00 ,-1.012E-04 ,-7.341E-05 ,-4.502E-05 ,-1.636E-05 , 1.882E-05 , 6.294E-05 , 1.119E-04 
 1.100E+00 ,-1.681E-04 ,-8.271E-05 ,-5.514E-05 ,-2.382E-05 , 1.334E-05 , 5.879E-05 , 1.088E-04 
 1.150E+00 ,-3.847E-04 ,-8.951E-05 ,-6.601E-05 ,-3.218E-05 , 7.074E-06 , 5.396E-05 , 1.052E-04 
 1.200E+00 ,-1.091E-03 ,-9.589E-05 ,-7.749E-05 ,-4.136E-05 , 5.551E-17 , 4.843E-05 , 1.009E-04 
 1.250E+00 ,-3.179E-03 ,-1.036E-04 ,-8.936E-05 ,-5.131E-05 ,-7.901E-06 , 4.219E-05 , 9.604E-05 
 1.300E+00 ,-8.065E-03 ,-1.152E-04 ,-1.013E-04 ,-6.197E-05 ,-1.660E-05 , 3.523E-05 , 9.057E-05 
 1.350E+00 ,-1.652E-02 ,-1.394E-04 ,-1.126E-04 ,-7.328E-05 ,-2.603E-05 , 2.754E-05 , 8.447E-05 
 1.400E+00 ,-2.800E-02 ,-2.069E-04 ,-1.219E-04 ,-8.519E-05 ,-3.615E-05 , 1.911E-05 , 7.773E-05 
 1.450E+00 ,-4.159E-02 ,-4.239E-04 ,-1.287E-04 ,-9.763E-05 ,-4.690E-05 , 9.936E-06 , 7.035E-05 
 1.500E+00 ,-5.656E-02 ,-1.130E-03 ,-1.355E-04 ,-1.105E-04 ,-5.825E-05 , 0.000E+00 , 6.232E-05 
 1.550E+00 ,-7.248E-02 ,-3.213E-03 ,-1.439E-04 ,-1.236E-04 ,-7.015E-05 ,-1.061E-05 , 5.362E-05 
 1.600E+00 ,-8.906E-02 ,-8.093E-03 ,-1.563E-04 ,-1.367E-04 ,-8.258E-05 ,-2.176E-05 , 4.427E-05 
 1.650E+00 ,-1.061E-01 ,-1.654E-02 ,-1.813E-04 ,-1.492E-04 ,-9.550E-05 ,-3.344E-05 , 3.423E-05 
 1.700E+00 ,-1.232E-01 ,-2.802E-02 ,-2.495E-04 ,-1.600E-04 ,-1.089E-04 ,-4.559E-05 , 2.351E-05 
 1.750E+00 ,-1.404E-01 ,-4.160E-02 ,-4.668E-04 ,-1.682E-04 ,-1.227E-04 ,-5.822E-05 , 1.211E-05 
 1.800E+00 ,-1.575E-01 ,-5.657E-02 ,-1.172E-03 ,-1.763E-04 ,-1.368E-04 ,-7.128E-05 , 0.000E+00 
