#format table ## [Custom WaveView] saved 23:17:13 Mon Mar 11 2024
XVAL ,i(vds):0:vgs=0 ,i(vds):0:vgs=300m ,i(vds):0:vgs=600m ,i(vds):0:vgs=900m ,i(vds):0:vgs=1.2 ,i(vds):0:vgs=1.5 ,i(vds):0:vgs=1.8 
 0.000E+00 , 0.000E+00 , 0.000E+00 , 0.000E+00 , 0.000E+00 , 0.000E+00 , 0.000E+00 , 0.000E+00 
 5.000E-02 ,-1.296E-13 ,-3.056E-10 ,-3.904E-07 ,-7.524E-06 ,-1.561E-05 ,-2.171E-05 ,-2.638E-05 
 1.000E-01 ,-2.023E-13 ,-3.925E-10 ,-5.230E-07 ,-1.299E-05 ,-2.876E-05 ,-4.090E-05 ,-5.030E-05 
 1.500E-01 ,-2.619E-13 ,-4.295E-10 ,-5.778E-07 ,-1.674E-05 ,-3.965E-05 ,-5.775E-05 ,-7.192E-05 
 2.000E-01 ,-3.179E-13 ,-4.527E-10 ,-6.094E-07 ,-1.916E-05 ,-4.847E-05 ,-7.240E-05 ,-9.135E-05 
 2.500E-01 ,-3.726E-13 ,-4.706E-10 ,-6.321E-07 ,-2.068E-05 ,-5.541E-05 ,-8.497E-05 ,-1.087E-04 
 3.000E-01 ,-4.266E-13 ,-4.861E-10 ,-6.507E-07 ,-2.166E-05 ,-6.069E-05 ,-9.557E-05 ,-1.240E-04 
 3.500E-01 ,-4.802E-13 ,-5.002E-10 ,-6.669E-07 ,-2.235E-05 ,-6.460E-05 ,-1.043E-04 ,-1.374E-04 
 4.000E-01 ,-5.337E-13 ,-5.135E-10 ,-6.818E-07 ,-2.287E-05 ,-6.745E-05 ,-1.114E-04 ,-1.489E-04 
 4.500E-01 ,-5.870E-13 ,-5.263E-10 ,-6.958E-07 ,-2.327E-05 ,-6.955E-05 ,-1.169E-04 ,-1.585E-04 
 5.000E-01 ,-6.402E-13 ,-5.387E-10 ,-7.091E-07 ,-2.362E-05 ,-7.112E-05 ,-1.212E-04 ,-1.665E-04 
 5.500E-01 ,-6.933E-13 ,-5.509E-10 ,-7.220E-07 ,-2.391E-05 ,-7.235E-05 ,-1.244E-04 ,-1.730E-04 
 6.000E-01 ,-7.464E-13 ,-5.628E-10 ,-7.344E-07 ,-2.417E-05 ,-7.335E-05 ,-1.270E-04 ,-1.782E-04 
 6.500E-01 ,-7.994E-13 ,-5.747E-10 ,-7.467E-07 ,-2.441E-05 ,-7.417E-05 ,-1.290E-04 ,-1.823E-04 
 7.000E-01 ,-8.525E-13 ,-5.865E-10 ,-7.587E-07 ,-2.463E-05 ,-7.488E-05 ,-1.306E-04 ,-1.855E-04 
 7.500E-01 ,-9.055E-13 ,-5.982E-10 ,-7.705E-07 ,-2.483E-05 ,-7.550E-05 ,-1.319E-04 ,-1.881E-04 
 8.000E-01 ,-9.586E-13 ,-6.099E-10 ,-7.822E-07 ,-2.502E-05 ,-7.605E-05 ,-1.330E-04 ,-1.901E-04 
 8.500E-01 ,-1.012E-12 ,-6.216E-10 ,-7.938E-07 ,-2.520E-05 ,-7.654E-05 ,-1.340E-04 ,-1.918E-04 
 9.000E-01 ,-1.065E-12 ,-6.333E-10 ,-8.054E-07 ,-2.538E-05 ,-7.699E-05 ,-1.348E-04 ,-1.933E-04 
 9.500E-01 ,-1.118E-12 ,-6.451E-10 ,-8.168E-07 ,-2.554E-05 ,-7.741E-05 ,-1.356E-04 ,-1.945E-04 
 1.000E+00 ,-1.171E-12 ,-6.568E-10 ,-8.282E-07 ,-2.570E-05 ,-7.780E-05 ,-1.362E-04 ,-1.956E-04 
 1.050E+00 ,-1.224E-12 ,-6.686E-10 ,-8.396E-07 ,-2.585E-05 ,-7.816E-05 ,-1.369E-04 ,-1.965E-04 
 1.100E+00 ,-1.277E-12 ,-6.804E-10 ,-8.509E-07 ,-2.600E-05 ,-7.850E-05 ,-1.374E-04 ,-1.974E-04 
 1.150E+00 ,-1.330E-12 ,-6.923E-10 ,-8.622E-07 ,-2.615E-05 ,-7.883E-05 ,-1.379E-04 ,-1.981E-04 
 1.200E+00 ,-1.383E-12 ,-7.042E-10 ,-8.735E-07 ,-2.629E-05 ,-7.914E-05 ,-1.384E-04 ,-1.988E-04 
 1.250E+00 ,-1.436E-12 ,-7.162E-10 ,-8.848E-07 ,-2.643E-05 ,-7.943E-05 ,-1.389E-04 ,-1.995E-04 
 1.300E+00 ,-1.489E-12 ,-7.282E-10 ,-8.961E-07 ,-2.656E-05 ,-7.972E-05 ,-1.393E-04 ,-2.000E-04 
 1.350E+00 ,-1.542E-12 ,-7.403E-10 ,-9.074E-07 ,-2.670E-05 ,-7.999E-05 ,-1.397E-04 ,-2.006E-04 
 1.400E+00 ,-1.596E-12 ,-7.525E-10 ,-9.187E-07 ,-2.683E-05 ,-8.025E-05 ,-1.401E-04 ,-2.011E-04 
 1.450E+00 ,-1.649E-12 ,-7.648E-10 ,-9.301E-07 ,-2.696E-05 ,-8.051E-05 ,-1.405E-04 ,-2.016E-04 
 1.500E+00 ,-1.702E-12 ,-7.772E-10 ,-9.414E-07 ,-2.708E-05 ,-8.075E-05 ,-1.408E-04 ,-2.020E-04 
 1.550E+00 ,-1.755E-12 ,-7.896E-10 ,-9.528E-07 ,-2.721E-05 ,-8.099E-05 ,-1.411E-04 ,-2.025E-04 
 1.600E+00 ,-1.808E-12 ,-8.022E-10 ,-9.643E-07 ,-2.733E-05 ,-8.123E-05 ,-1.415E-04 ,-2.029E-04 
 1.650E+00 ,-1.862E-12 ,-8.149E-10 ,-9.758E-07 ,-2.745E-05 ,-8.145E-05 ,-1.418E-04 ,-2.033E-04 
 1.700E+00 ,-1.915E-12 ,-8.278E-10 ,-9.875E-07 ,-2.758E-05 ,-8.168E-05 ,-1.421E-04 ,-2.036E-04 
 1.750E+00 ,-1.968E-12 ,-8.408E-10 ,-9.992E-07 ,-2.770E-05 ,-8.190E-05 ,-1.424E-04 ,-2.040E-04 
 1.800E+00 ,-2.022E-12 ,-8.540E-10 ,-1.011E-06 ,-2.782E-05 ,-8.212E-05 ,-1.426E-04 ,-2.043E-04 
